125500   5.290000
125501   6.300000
125508   0.672000
125520   0.744000
125521   0.748000
125522   1.183000
125553   2.431000
125554   5.230000
125555   4.476000
125557   2.404000
125558   1.342000
125559   2.084000
125560   1.370000
125561   3.840000
125562   0.986000
125563   2.457000
125564   1.518000
125565   2.099000
125588   0.640000
125590   4.030000
125592   2.898000
125593   2.482000
125594   5.410000
125595   5.485000
125596   4.766000
125597   5.145000
125598   4.402000
125600   6.050000
125601   2.010000
125602   4.130000
125603   6.140000
125605   5.490000
125608   3.778000
125609   3.864000
125610   4.770000
125611   3.770000
125612   5.310000
125613   3.032000
125619   0.824000
125626   4.490000
125628   4.496000
125631   4.424000
125632   4.520000
125634   4.476000
125636   2.523000
125637   3.308000
125640   4.442000
125641   4.482000
125642   4.458000
125659   2.464000
125660   4.098000
125661   4.124000
125662   3.074000
125666   5.915000
125671   7.710000
125673   3.754000
125674   5.360000
125676   6.100000
125677   7.530000
125683   4.436000
125685   4.484000
125686   4.532000
125687   4.464000
125688   4.418000
125689   4.416000
125691   4.442000
125692   4.452000
125693   4.438000
125694   4.444000
125697   4.468000
125699   4.450000
125702   4.464000
125703   4.438000
125704   4.516000
125706   4.428000
125707   4.512000
125708   4.442000
125709   4.470000
125715   1.060000
125717   4.294000
125722   3.692000
125723   3.904000
125726   1.559000
125728   1.591000
125730   4.788000
125731   4.955000
125732   5.290000
125735   5.280000
125739   4.660000
125740   5.040000
125750   1.185000
125751   0.520000
125752   1.881000
125753   5.110000
125754   5.095000
125756   5.110000
125757   5.390000
125758   5.230000
125760   0.584000
125762   5.515000
125765   3.118000
125766   5.115000
125768   3.418000
125769   3.388000
125777   1.986000
125779   4.332000
125780   4.398000
125781   4.296000
125784   3.372000
125785   1.634000
125786   4.436000
125787   5.285000
125788   3.096000
125789   4.456000
125791   1.634000
125793   5.005000
125794   2.159000
125795   3.646000
125796   2.515000
125805   2.602000
125809   3.808000
125810   2.196000
125811   5.010000
125814   4.238000
125817   5.370000
125819   3.322000
125821   2.764000
125822   5.585000
125823   1.684000
125825   3.284000
125826   3.878000
125827   3.094000
125830   5.690000
125831   5.960000
125832   2.714000
125833   5.095000
125834   4.362000
125835   3.564000
125836   4.500000
125846   6.605000
125848   6.185000
125853   6.270000
125859   7.000000
125886   1.743000
125893   4.638000
125897   5.085000
125898   3.358000
125900   5.935000
125901   5.220000
125902   5.640000
125906   1.939000
125907   6.020000
125908   3.434000
125909   5.245000
125910   3.996000
125911   5.070000
125912   4.590000
125913   4.716000
125914   3.608000
125916   5.600000
125917   2.599000
125919   2.912000
125923   2.221000
125925   6.140000
125926   5.070000
125927   2.827000
125928   3.578000
125929   5.210000
125930   5.155000
125931   5.105000
125932   3.142000
125933   4.758000
125934   3.730000
125935   3.110000
125936   3.060000
125937   3.026000
125938   3.304000
125939   4.995000
125940   3.040000
125941   2.910000
125942   3.518000
125943   3.320000
125944   3.602000
125945   5.015000
125946   4.164000
125947   2.237000
125948   1.670000
125949   0.770000
125950   1.937000
125968   3.758000
125969   4.672000
125974   2.944000
125986   3.588000
125987   3.210000
125988   3.120000
125989   3.446000
125990   3.128000
125992   2.894000
125993   2.506000
